0.0                ,4.729972444896906  ,7.345007955924329   ,4.384720920732948  ,1.0568591065324324 ,5.501127963830095  ,5.064841298252692  ,6.640626429765228 ,4.767634649087383 ,11.476251948337113 ,5.584523872675316  ,6.438662549645234 ,4.939554900715914  ,6.490881975607122  ,5.805542644736055 ,6.125231191131002  ,5.476060296567679  ,7.3650954476544905 ,1.431092867032775  ,6.353912883071974  ,6.157724263792639  ,5.3793356802383965  ,0.8086483713021843 ,5.517932286843562  ,7.204568191546271 ,2.812394842780456 ,5.391135205425537  ,7.204568191546271 ,6.205555172197963  ,1.2298807353266163  ,5.8418128318502225 ,5.3793356802383965  ,7.204568191546271 ,5.362084546233126  ,1.2560863742298185 ,6.85669284793025   ,5.38929213292625    ,0.9944625567711955 ,6.327624703535094  ,0.08424665985225271,4.462295231927631  ,5.228974080520619  ,5.078497693730277 ,0.37663079905164104,5.953824141554455  ,1.4196072121067451,0.9267037286822628,5.360974301687683  ,0.5484546187453222,0.6373613270646686 ,7.341023818041809  ,6.292302255053999  ,7.166803401594199  ,6.335117312482488  ,6.176789199115121   ,7.407711160229263  ,4.391112648388472  ,11.618268164290253 ,5.542818485941043  ,5.267010261273419  ,5.481793890279722  ,6.336195298654022  ,5.710680478848836  ,5.904420709722024 ,4.290324677706321  ,0.08424665985225271,6.383692827299749  ,6.427231561916146  ,0.20908584917166467,5.32740728768422   ,4.3499616102998555 ,5.429654932897524  ,5.3454723823776265 ,4.729972444896906  ,11.601166135774447 ,6.174914993077355   ,1.0682619502471844 ,4.06233772530308   ,7.874538785177811 ,5.497620757419844  ,5.433453414720742  ,1.030379370421639  ,6.579088138907814  ,0.9012399435028896,5.542483825219941  ,11.62672185699212 ,7.069303420790313 ,6.518235622478331  ,6.139642770933827  ,1.2217160674258503 ,1.2049858458037617,5.003471312358364  ,4.295440354536718  ,1.1960723875611043 ,0.98939913307648   ,5.159433682099933  ,5.1789701795724055 ,6.125231191131002  ,5.434615645842127  ,5.953824141554455  ,1.2423945621387102
4.729972444896906  ,0.0                ,5.200228357539808   ,0.4714090058119874 ,4.142446941996498  ,9.8486270244059    ,0.33487091255579204,2.226229277198491 ,0.4312784345244192,10.396376920105215 ,3.176387517030501  ,1.865507022838901 ,2.439221207778584  ,4.748441263926791  ,9.923536627447318 ,1.6594115813208308 ,1.091488249563096  ,5.067666865705075  ,5.033992893117964  ,1.6581244276499663 ,4.291847620931082  ,2.6460687425463765  ,4.168100003088375  ,0.9868873999789519 ,4.362541081956861 ,5.1439651675486004,0.9773443032639608 ,4.362541081956861 ,4.596923454668889  ,4.902929347205922   ,1.3237070032088927 ,2.6460687425463765  ,4.362541081956861 ,9.50667370278952   ,3.5499886237997    ,4.4477878597221245 ,2.6527700716882032  ,3.8312865470813398 ,3.659854383109421  ,4.677409737078133  ,0.4199129073325201 ,0.5083135931312625 ,0.6592757845698898,4.35857007711709   ,1.2238554783625848 ,4.032562271472023 ,3.9277378248998627,9.639920259372397  ,4.906491791082189 ,4.280983272561087  ,5.383960154352055  ,1.8956085111209617 ,5.1365990091319125 ,4.627234734296907  ,3.4037414887608195  ,5.230993981121932  ,0.7852963773043892 ,10.512321554139154 ,9.778416489235532  ,9.371239252189351  ,0.8696408122239868 ,1.6074365669617632 ,3.1230171773475717 ,3.7762510361212644,0.6380063700644011 ,4.677409737078133  ,1.6597025657665807 ,1.7197056736432208 ,4.6605573063074415 ,3.3769999683447045 ,0.8046728935850475 ,1.0993666943643492 ,9.623965416405419  ,0.0                ,10.528608508113903 ,3.3965154703822282  ,3.7423923250026228 ,0.6981294871783403 ,5.386560109499222 ,3.0752713025622924 ,9.751127367944385  ,4.448412922917241  ,4.806698966970385  ,5.576119170252658 ,0.8332633179372109 ,10.42542244020278 ,4.536381063210504 ,4.324547700290911  ,1.6390156171055343 ,4.8953100658943685 ,5.905187143945163 ,0.3473982399366325 ,0.5255806445225782 ,4.334171177102155  ,4.463367121775622  ,2.9132395549917116 ,9.416388401147117  ,1.6594115813208308 ,9.588434207294451  ,1.2238554783625848 ,4.879098663830345
7.345007955924329  ,5.200228357539808  ,0.0                 ,4.940392583066654  ,7.52111018766615   ,12.761440868131297 ,5.181321719026386  ,4.043730600288155 ,5.627914369473332 ,15.57750999230228  ,2.0965212345973065 ,6.161692679808155 ,2.91487366667736   ,0.8898210599221239 ,13.136343408937936,6.252168772471532  ,4.328118940991989  ,0.23244848860923828,8.473324505768943  ,4.922177391183944  ,1.1908262815510058 ,2.586375896950881   ,7.34971147138183   ,4.545504192090739  ,1.1479865315759679,5.368984587384786 ,5.945925851384576  ,1.1479865315759679,1.1784847602475343 ,8.268405973844112   ,6.002435382757108  ,2.586375896950881   ,1.1479865315759679,12.69267698103542  ,6.847387053526123  ,0.7608345918019823 ,2.5781615981448924  ,7.024193718809983  ,1.5464507547014885 ,7.3540366705987195 ,4.922754058793506  ,5.2799529470274305 ,5.759350699229469 ,7.042408590633774  ,5.227969806399517  ,7.66284367421463  ,6.468483703408149 ,12.65527661640294  ,7.09386404628299  ,7.3418989741642156 ,0.2907329782011777 ,6.481941855695268  ,0.20962299656745007,1.034388997233931  ,1.8037140615901184  ,0.06844410895790565,4.581183894585572  ,15.690170104067118 ,12.848729532492158 ,12.604515822117174 ,4.714746690556385  ,5.228606654596554  ,2.0995696997956355 ,1.5563935217911946,4.830980528838769  ,7.3540366705987195 ,5.149760707780038  ,5.6323007043735585 ,7.433292835063209  ,2.126689109575041  ,4.591559559137007  ,4.275191942495184  ,12.64025851583198  ,5.200228357539808  ,15.709293278615181 ,1.8113113526120042  ,6.954553084718088  ,5.120140869219942  ,10.466149031426578,2.205200014699561  ,12.710081925799722 ,7.803309732792106  ,0.8048256433094068 ,7.744915899081671 ,5.388200580097398  ,15.594482685422857,0.7505339132558742,0.9174981878124782 ,6.187455609373467  ,8.258476604512886  ,8.40514285092874  ,4.962308353033511  ,4.982736951885629  ,7.8073632180041015 ,7.790006784028883  ,2.4795359556689394 ,12.4905161122218   ,6.252168772471532  ,12.762708585722201 ,5.227969806399517  ,8.260557028676425
4.384720920732948  ,0.4714090058119874 ,4.940392583066654   ,0.0                ,3.8723283393382615 ,9.606516949233967  ,0.7573886497689387 ,2.368343299195346 ,0.8290483949365349,10.71550869675791  ,2.873213647128537  ,2.3271278804133715,2.0956746561144035 ,4.430854972011359  ,9.716817767699752 ,2.130296058325474  ,1.1701848200543856 ,4.823433099233511  ,4.796547067341503  ,1.9698152912160047 ,3.9725658733262765 ,2.3572789997355654  ,3.871481715170888  ,1.155457706770506  ,4.175960196702776 ,4.677828002937977 ,1.4431942617039168 ,4.175960196702776 ,4.261111296667348  ,4.651874122179554   ,1.7942934748419699 ,2.3572789997355654  ,4.175960196702776 ,9.293676450768666  ,3.246551465051407  ,4.200220967581052  ,2.365049231941248   ,3.5244994754924965 ,3.4197905870760987 ,4.336992835355051  ,0.07757474759916198,0.9477514434312794 ,1.1131682042301416,4.0097417135703735 ,1.6092453654457388 ,3.797985994141424 ,3.550653907778342 ,9.40778632488144   ,4.527158004478423 ,3.9724895350657063 ,5.106686529808992  ,2.3670088116469508 ,4.861558940775166  ,4.302369916384761  ,3.168427821990377   ,4.975809288294944  ,0.3733776844904151 ,10.834273400299013 ,9.553649055717921  ,9.163020205509039  ,1.0996565265816485 ,1.976163991578848  ,2.843100851869785  ,3.466879761703098 ,0.16850163804888044,4.336992835355051  ,2.0130186709758373 ,2.140589361064252  ,4.329804657623958  ,3.027224537651751  ,0.37721909385287705,1.1470988552505814 ,9.391819018492553  ,0.4714090058119874 ,10.848012421398913 ,3.1617209015880237  ,3.4348328349487893 ,0.337838873466408  ,5.769848852446299 ,2.768010948995838  ,9.513432483276928  ,4.184053437323251  ,4.493977772551352  ,5.209874780009684 ,1.2713273231349709 ,10.754345975983355,4.308767620167156 ,4.044829527615695  ,2.10872788076789   ,4.643747033944656  ,5.574611120915125 ,0.631040864787897  ,0.09176869292263122,4.083895359815893  ,4.195435336163246  ,2.571354060157805  ,9.189350066969764  ,2.130296058325474  ,9.374623427392411  ,1.6092453654457388 ,4.629736924033247
1.0568591065324324 ,4.142446941996498  ,7.52111018766615    ,3.8723283393382615 ,0.0                ,5.740088597656528  ,4.4709875671642205 ,6.222257007330017 ,4.097348898933364 ,10.454975971913376 ,5.59882872649328   ,5.710555038205307 ,4.865618021817594  ,6.713229640931855  ,5.897613275431054 ,5.374570754712646  ,5.026335508050241  ,7.508537915559432  ,0.9793458540460647 ,5.7997423661296095 ,6.333717326534722  ,5.302358968824163   ,0.28251333162138986,5.027778948509451  ,7.218746812648198 ,3.6110453055868894,4.6675483943273655 ,7.218746812648198 ,6.440051651405397  ,0.799484193434226   ,5.1182036528110695 ,5.302358968824163   ,7.218746812648198 ,5.464855699459857  ,0.6927748155614873 ,6.952891170589967  ,5.312555731921805   ,0.5013748853759398 ,6.337515511928957  ,0.9726135203900922 ,3.947931318045412  ,4.614796712593247  ,4.382813904125226 ,0.9270666044581461 ,5.348182657802106  ,0.3653667947373695,1.2499486723938111,5.550603121773901  ,1.57476579379158  ,0.43604882521184274,7.557638733338909  ,5.516933205129772  ,7.3602873740321355 ,6.556049258865823  ,6.153709944031921   ,7.579378073010005  ,3.963202971954287  ,10.596134538692516 ,5.705142822587342  ,5.344065628592406  ,4.962597737339326  ,5.736195847135301  ,5.695557879124351  ,6.0058961667967345,3.812111825208242  ,0.9726135203900922 ,5.796215653933013  ,5.771312475466679  ,0.8614103410867948 ,5.420115431148946  ,3.924104836970921  ,4.991497012321365  ,5.534656384060216  ,4.142446941996498  ,10.580961183876495 ,6.1505123006262545  ,0.5666111919833114 ,3.5353226597022887 ,6.831801565746275 ,5.501108131246966  ,5.650575063710956  ,0.3152687326977381 ,6.79978846469675   ,1.897059268759426 ,4.908830061624469  ,10.599179474977998,7.147783784454272 ,6.644254281036224  ,5.398230450488669  ,0.7903706825355419 ,1.9092184689671547,4.452282268483221  ,3.780561432656176  ,0.2893126903465447 ,0.32321891567229427,5.168801218698893  ,5.338890631472294  ,5.374570754712646  ,5.543941685459093  ,5.348182657802106  ,0.7824322110644892
5.501127963830095  ,9.8486270244059    ,12.761440868131297  ,9.606516949233967  ,5.740088597656528  ,0.0                ,10.169023216537667 ,11.96215226388919 ,9.749083049771135 ,12.155759456013339 ,11.081580157927348 ,11.248795779856161,10.438390418214379 ,11.884972175557039 ,0.8396729550540759,10.888848029128935 ,10.765412052734035 ,12.802847497739577 ,4.81503218899346   ,11.504184093075283 ,11.589530438683772 ,10.8786997895862    ,5.778187882305436  ,10.76085218548453  ,12.696826385347578,7.613908266304848 ,10.245248628018771 ,12.696826385347578,11.595183873102318 ,4.954646114976042   ,10.681005433209101 ,10.8786997895862    ,12.696826385347578,0.7496956685171505 ,6.399037981472808  ,12.323515662791397 ,10.888694624512286  ,6.136586611426929  ,11.823249994873729 ,5.512726073422456  ,9.681286000809356  ,10.298050587208188 ,10.002091689417792,5.851213270979454  ,11.025808330787408 ,5.816580798169239 ,6.425465610348783 ,0.31154133922387417,5.675648409259108 ,5.710501825359521  ,12.72619054953709  ,10.983512719134145 ,12.572801123814475 ,11.733005841061605 ,11.67679158414695   ,12.826534856727182 ,9.70277275504095   ,12.297650214891993 ,0.4152008372728208 ,0.9033119492495842 ,10.688255052654503 ,11.412546316855982 ,11.210683073398593 ,11.37655980839045 ,9.551136638245765  ,5.512726073422456  ,11.48063790904615  ,11.39813245951207  ,5.465322490897101  ,10.807511942559062 ,9.663496738772375  ,10.73131621796564  ,0.32185151959065256,9.8486270244059    ,12.24745413054616  ,11.675018800137243  ,6.224838414054728  ,9.268782744913203  ,10.809926465332259,10.996275147668719 ,0.14203858451721693,5.426012907072411  ,11.97297532606924  ,5.017119899310544 ,10.572496041354206 ,12.408305101728129,12.54212987761799 ,11.973866303804662 ,10.926195719565582 ,4.962789529817647  ,4.364898724808814 ,10.170748606821206 ,9.51480996188946   ,5.522793886855551  ,5.417201863294135  ,10.658248624652689 ,0.5508130246146893 ,10.888848029128935 ,0.7031999760643272 ,11.025808330787408 ,4.976841250632773
5.064841298252692  ,0.33487091255579204,5.181321719026386   ,0.7573886497689387 ,4.4709875671642205 ,10.169023216537667 ,0.0                ,1.9708621685190186,0.5337944237987174,10.396308744331884 ,3.209293937182584  ,1.5765293047259354,2.519034483157854  ,4.782132299090761  ,10.234713571682452,1.4092475952591836 ,0.922395859705867  ,5.036597261402866  ,5.35562837974208   ,1.3352106948119098 ,4.3296700808223445 ,2.6741711726183968  ,4.500162248444353  ,0.7647956117007259 ,4.290767700957138 ,5.429230657559256 ,0.8120035004634998 ,4.290767700957138 ,4.648505611762424  ,5.227482240101486   ,1.074380776755734  ,2.6741711726183968  ,4.290767700957138 ,9.819751375182507  ,3.8830513057309046 ,4.422861621843198  ,2.6798583130603646  ,4.164502840651845  ,3.634979782274769  ,5.012232105660943  ,0.6898643775445881 ,0.19167099436714646,0.578037648665204 ,4.693424987662062  ,0.8889940605394054 ,4.354706173213411 ,4.260939608303453 ,9.957965598811123  ,5.239661714894233 ,4.614169320314515  ,5.378944987876336  ,1.654604293524587  ,5.130767171426936  ,4.668305102056666  ,3.3776957644867682  ,5.208100199835565  ,0.996474053338109  ,10.509359570385971 ,10.094550949207235 ,9.683037731005737  ,0.6160830671000823 ,1.2730652473456792 ,3.136647388367834  ,3.808769519149672 ,0.9109565039130134 ,5.012232105660943  ,1.327024308709483  ,1.3919245295365945 ,4.995102894165896  ,3.450556915611647  ,1.0253828349867369 ,0.951445901982916  ,9.942018448268028  ,0.33487091255579204,10.528136754743036 ,3.3701381785696176  ,4.07571300524402   ,1.024729921480338  ,5.325640684608027 ,3.112973198600098  ,10.070501115249682 ,4.775762824773304  ,4.835637645243104  ,5.910480689999227 ,0.514031924844532  ,10.415597404300032,4.494943042108124 ,4.327160257395782  ,1.3789832566320368 ,5.219968048632571  ,6.239596065049428 ,0.23116101699003544,0.8284136833912452 ,4.659092054167168  ,4.791300363811857  ,2.9843372097428    ,9.733218414738465  ,1.4092475952591836 ,9.901706853088873  ,0.8889940605394054 ,5.203338699278297
6.640626429765228  ,2.226229277198491  ,4.043730600288155   ,2.368343299195346  ,6.222257007330017  ,11.96215226388919  ,1.9708621685190186 ,0.0               ,2.4976771661943746,11.85640316941011  ,2.641093484239307  ,2.2216653529988086,2.4293415643499756 ,3.9728385132619537 ,12.084331899467674,2.410251729269428  ,1.1993073245069203 ,3.8446730949804424 ,7.159407265769727  ,0.9720914427731653 ,3.5947510035472616 ,2.2350259418014025  ,6.200556596962629  ,1.2422003779499722 ,2.9475955662914783,6.265507871290539 ,2.4137044291007235 ,2.9475955662914783,3.95725352430437   ,7.009562813820165   ,2.259457317241969  ,2.2350259418014025  ,2.9475955662914783,11.660228168057378 ,5.574780141922078  ,3.319305711786827  ,2.2328449579170937  ,5.8464469191291775 ,2.6395180578624005 ,6.602409613421022  ,2.296678214258696  ,1.929548753956681  ,2.4149219175068835,6.264384727546748  ,1.4511387261338546 ,6.163243906289433 ,5.752442637019804 ,11.768391852275187 ,6.700837761298572 ,6.288190917079828  ,4.302387423436142  ,2.6002601245482357 ,4.067971497619997  ,3.9134524228286662 ,2.4247695533617     ,4.047214532540625  ,2.2647823061126107 ,11.95768117265605  ,11.916977697952804 ,11.530412466294694 ,1.3609870196573102 ,1.2853664833117737 ,2.473121090251035  ,3.117801088525168 ,2.411938809604755  ,6.602409613421022  ,1.189403140104473  ,1.671593321588312  ,6.611551301852068  ,3.068687882976444  ,2.304961578989633  ,1.2308607241718619 ,11.75242819244013  ,2.226229277198491  ,11.985559150069186 ,2.416865204959867   ,5.7569077625314735 ,2.7049520275691195 ,6.646889240740933 ,2.597025253766527  ,11.871432504791423 ,6.536144417726862  ,3.9937625769563154 ,7.40777646891806  ,1.8224656516810112 ,11.838872650561708,3.2936890059688686,3.3892186012547345 ,2.337763311329609  ,7.001215192158549  ,7.844574718031578 ,1.8791131841334645 ,2.4590906073067793 ,6.443380572302786  ,6.545312001111846  ,2.697867289126164  ,11.55205290924299  ,2.410251729269428  ,11.740990446547045 ,1.4511387261338546 ,6.988257805248412
4.767634649087383  ,0.4312784345244192 ,5.627914369473332   ,0.8290483949365349 ,4.097348898933364  ,9.749083049771135  ,0.5337944237987174 ,2.4976771661943746,0.0               ,9.965293144810161  ,3.6076659279270684 ,1.6897381772774638,2.86746451061197   ,5.179640419460437  ,9.788615341478588 ,1.4192362733549144 ,1.4453974527708473 ,5.493105101692787  ,4.946904620680169  ,1.7920006449566788 ,4.722963823325744  ,3.077234647515417   ,4.152059627255989  ,1.2980159950959504 ,4.7763292854516735,5.40388538515662  ,0.6772360631228767 ,4.7763292854516735,5.027150812709772  ,4.830858702096705   ,1.101565866842717  ,3.077234647515417   ,4.7763292854516735,9.378604390836204  ,3.549021750075312  ,4.874177050743318  ,3.083907855924883   ,3.830572175475826  ,4.085839082758832  ,4.709301081171635  ,0.8019322413466571 ,0.5818525296216814 ,0.332087259787075 ,4.403756523922587  ,1.281537653574578  ,3.951465207356573 ,4.0148045208041685,9.53058637942631   ,4.989173453003981 ,4.277501518227927  ,5.8135566659585916 ,1.6325301657144797 ,5.566054728883705  ,5.058175298675002  ,3.829319024225073   ,5.658024985688329  ,1.1846425055013243 ,10.081141828108283 ,9.661435681547431  ,9.238796499002676  ,1.1492822255488289 ,1.6654893561283246 ,3.5536462479082305 ,4.207518625795987 ,0.9943884651703174 ,4.709301081171635  ,1.7382754780619252 ,1.67449831198058   ,4.680507078750905  ,3.8051675187438123 ,1.1973392204524587 ,1.4670322994071177 ,9.514674250077345  ,0.4312784345244192 ,10.0975115868927   ,3.822021974903963   ,3.7436456080308536 ,0.9277539086950799 ,4.961867378954727 ,3.5065170906935026 ,9.64723396491616   ,4.394152022689286  ,5.237969938796481  ,5.636607444668896 ,0.823767159059547  ,9.994144029314256 ,4.959284775802679 ,4.75467469218112   ,1.4161050281047718 ,4.823827642658348  ,5.917354035103804 ,0.6976755356773036 ,0.8491344435911576 ,4.266103450226303  ,4.412804455153324  ,3.34214821567522   ,9.302362553228031  ,1.4192362733549144 ,9.461002315444134  ,1.281537653574578  ,4.805438690464617
11.476251948337113 ,10.396376920105215 ,15.57750999230228   ,10.71550869675791  ,10.454975971913376 ,12.155759456013339 ,10.396308744331884 ,11.85640316941011 ,9.965293144810161 ,0.0                ,13.571686386081982 ,9.64422429190141  ,12.810911911124945 ,15.140834248423943 ,11.50093481425491 ,9.450614056596807  ,11.263422891313608 ,15.429628343667114 ,10.247601133164746 ,10.884700661239009 ,14.683081817948086 ,13.042421557741559  ,10.734112992020476 ,11.053570826382597 ,14.64718678002846 ,13.912292135491224,9.640754507436496  ,14.64718678002846 ,14.976578812432273 ,10.382985294632888  ,9.643601844096212  ,13.042421557741559  ,14.64718678002846 ,11.410029774686647 ,10.671136418249308 ,14.818493072633341 ,13.04914326113274   ,10.761532680181237 ,14.031075596989016 ,11.3945037798857   ,10.717461555248386 ,10.300225507089738 ,9.8183321211925   ,11.378881409589503 ,10.456135391414534 ,10.093002253626905,11.546324358427142,11.84727521663877  ,12.017664494282887,10.890272636555636 ,15.77343340933659  ,9.256335531380852  ,15.525413380295564 ,15.015586217068261 ,13.773801852231527  ,15.603681776634334 ,11.08842838635655  ,0.14585433788247923,11.777298283284324 ,11.25250932314936  ,10.88218680622176  ,10.571090861563643 ,13.518375083938135 ,14.170741933901347,10.851567200846505 ,11.3945037798857   ,10.667900253376535 ,10.192485224706417 ,11.267815526053077 ,13.741979865632363 ,11.088063849079232 ,11.311578841481339 ,11.83906687055783  ,10.396376920105215 ,0.13264732646279684,13.766215118650123  ,10.749378509947505 ,10.615100816313431 ,5.222148423913363 ,13.469499449588039 ,12.015428826915972 ,10.447528186976255 ,15.200998029937065 ,12.150975738286334,10.217981246090172 ,0.3042561294673042,14.883282638829145,14.717518792469749 ,9.522156185608551  ,10.38742805657893  ,11.761325868665786,10.616680551379314 ,10.692648818951477 ,10.280504097356182 ,10.488950625379065 ,13.286764195548717 ,11.632818539291438 ,9.450614056596807  ,11.46670805516044  ,10.456135391414534 ,10.358796009769371
5.584523872675316  ,3.176387517030501  ,2.0965212345973065  ,2.873213647128537  ,5.59882872649328   ,11.081580157927348 ,3.209293937182584  ,2.641093484239307 ,3.6076659279270684,13.571686386081982 ,0.0                ,4.421029524381515 ,0.819133132637557  ,1.5739093135713897 ,11.379936163892896,4.434146902717435  ,2.4575903069730742 ,2.012879464236564  ,6.572010825152254  ,3.2879365566476433 ,1.120385135318535  ,0.535243827154323   ,5.459489478789252  ,2.6831376496335464 ,1.6256191928460917,4.209308548769348 ,4.009111075934731  ,1.6256191928460917,1.4474160683306343 ,6.376052751289854   ,4.145090994100378  ,0.535243827154323   ,1.6256191928460917,10.937516706845509 ,4.909620719092814  ,1.403295021570044  ,0.5298389695791257  ,5.115646625646348  ,0.7442473456988613 ,5.578733114254797  ,2.8630934543727884 ,3.335922606223024  ,3.77936345639077  ,5.246962686820665  ,3.448990617388443  ,5.699198143124465 ,4.667398015432789 ,10.945486116562934 ,5.431033163804485 ,5.476865086757663  ,2.240208999003206  ,4.67887326476112   ,1.998248691921129  ,1.4593509063269106 ,0.6122156425052967  ,2.1394495120142016 ,2.50623809265982   ,13.688155483302848 ,11.126751032743485 ,10.835715745870575 ,2.8388700479553868 ,3.5563213684333403 ,0.19301190222175113,0.6003719831651204,2.753314238227616  ,5.578733114254797  ,3.5001833265144517 ,3.9434248486549883 ,5.638900605052323  ,0.4623001311440108 ,2.5131860241041823 ,2.3916405744551463 ,10.929989315108093 ,3.176387517030501  ,13.703986426275616 ,0.6123496510290672  ,5.0385880701247725 ,3.0324175698560816 ,8.534932045082998 ,0.10872623194494094,11.01662248142231  ,5.89675288168253   ,1.6304683261241908 ,6.127377554515287 ,3.5030497060377765 ,13.601809399430822,1.5697022216746406,1.183075971084665  ,4.3777112264954585 ,6.366280258339089  ,6.727401299082161 ,2.9806981071060052 ,2.908381103763465  ,5.87761751988784   ,5.888682306121565  ,0.4303738997928834 ,10.762323429072737 ,4.434146902717435  ,11.011617590753762 ,3.448990617388443  ,6.364606612556564
6.438662549645234  ,1.865507022838901  ,6.161692679808155   ,2.3271278804133715 ,5.710555038205307  ,11.248795779856161 ,1.5765293047259354 ,2.2216653529988086,1.6897381772774638,9.64422429190141   ,4.421029524381515  ,0.0               ,3.8713759432154373 ,5.938064251437487  ,11.221165269927694,0.3700096019375041 ,1.9801589782765356 ,5.9800676672457485 ,6.500557628290189  ,1.2600620382152805 ,5.510382396046778  ,3.904542214345522   ,5.791012561974115  ,1.7591168093246095 ,5.118904950603471 ,7.004453075777972 ,1.0483135961813166 ,5.118904950603471 ,5.857726618524927  ,6.405665185352944   ,0.5968809429072681 ,3.904542214345522   ,5.118904950603471 ,10.827235662036736 ,5.203809124848003  ,5.410078130858694  ,3.907409129423126   ,5.483382529579804  ,4.659957652032583  ,6.377529171218742  ,2.263483624410821  ,1.384971073581659  ,1.3657212707660535,6.079385176954862  ,0.9729076517773724 ,5.526444214139279 ,5.703074958799387 ,11.013931957622333 ,6.6757874746530375,5.925274601526747  ,6.3997557972359775 ,0.4168551870422978 ,6.15597122262213   ,5.848182374962272  ,4.4141571845645435  ,6.17410969362973   ,2.564325965322238  ,9.743588726779839  ,11.1299941494444   ,10.679504440376682 ,1.625485742798306  ,0.9447616676727942 ,4.30190359369378   ,4.993125571065797 ,2.485663066799305  ,6.377529171218742  ,1.0350188072362785 ,0.550174653718904  ,6.341989085106735  ,4.750487034895724  ,2.595878040671487  ,2.051647175148379  ,10.998174356564698 ,1.865507022838901  ,9.772790276035344  ,4.406046573546719   ,5.398408571391877  ,2.552258859675497  ,4.42822936355115  ,4.341581855314928  ,11.139778979243157 ,5.994594911365767  ,5.976380394308459  ,7.315839601581583 ,1.0758054499241498 ,9.621759303614848 ,5.42306176453184  ,5.405738214415367  ,0.3233143992848144 ,6.399449900743932  ,7.568943600682055 ,1.7602439366506337 ,2.3897959044778836 ,5.8523829592329415 ,6.017042394985421  ,4.296831537119652  ,10.778263007032562 ,0.3700096019375041 ,10.910435695104836 ,0.9729076517773724 ,6.378514931307866
4.939554900715914  ,2.439221207778584  ,2.91487366667736    ,2.0956746561144035 ,4.865618021817594  ,10.438390418214379 ,2.519034483157854  ,2.4293415643499756,2.86746451061197  ,12.810911911124945 ,0.819133132637557  ,3.8713759432154373,0.0                ,2.3386512213810833 ,10.701625019869704,3.8323688110520777 ,1.89631119651358   ,2.831159598897744  ,5.843875714282971  ,2.8584693768998806 ,1.8806338524139996 ,0.44085169428784243 ,4.744910459703067  ,2.1133555555258265 ,2.3706805000252387,3.929620283254437 ,3.33057539389153   ,2.3706805000252387,2.1657537148355477 ,5.653658544247416   ,3.5224739430212058 ,0.44085169428784243 ,2.3706805000252387,10.261064193182039 ,4.173096742552764  ,2.2179539020051506 ,0.4509358608330029  ,4.393937802813341  ,1.5029526155707096 ,4.925793629445145  ,2.0940730092432003 ,2.6666038305270203 ,3.070700554101688 ,4.587319500452163  ,2.9062562001216454 ,4.94307395083834  ,4.013561088031251 ,10.289362703338393 ,4.8413469143963095,4.7759874497449015 ,3.0508677551170047 ,4.081857948708003  ,2.8115295210241555 ,2.207600114506445  ,1.2958725632588548  ,2.958377508576918  ,1.7233463155809565 ,12.929379088956901 ,10.464561894392533 ,10.15345135274111  ,2.2478734511841427 ,3.0851392616156534 ,0.8567637443435141 ,1.3867022489188154,1.9645291929723125 ,4.925793629445145  ,3.047639553905256  ,3.4437975627470254 ,4.974867294301446  ,0.9377845213317129 ,1.725688324653465  ,1.8230097899796853 ,10.27370460703565  ,2.439221207778584  ,12.943397114577854 ,1.2919782749240571  ,4.313382774493769  ,2.2295272679832814 ,7.824497063942079 ,0.710435038471173  ,10.367574030133497 ,5.169961865779976  ,2.404370861311661  ,5.550448443544409 ,2.8769129317216025 ,12.848188475521015,2.372803960097196 ,1.9994806856152734 ,3.7828812848932976 ,5.644026827685131  ,6.112174639334142 ,2.2878906148393114 ,2.122301949957966  ,5.138595608066811  ,5.1647373427867524 ,0.4760282343867287 ,10.098557967591612 ,3.8323688110520777 ,10.336761443900466 ,2.9062562001216454 ,5.640416957284638
6.490881975607122  ,4.748441263926791  ,0.8898210599221239  ,4.430854972011359  ,6.713229640931855  ,11.884972175557039 ,4.782132299090761  ,3.9728385132619537,5.179640419460437 ,15.140834248423943 ,1.5739093135713897 ,5.938064251437487 ,2.3386512213810833 ,0.0                ,12.2706354751335  ,5.977375605012873  ,4.004890833461398  ,0.9913525956329707 ,7.65349243296417   ,4.750738185877228  ,0.45829844938227965,2.1083236510936243  ,6.530529413853778  ,4.229816671663528  ,1.4981555619366285,4.480680732474633 ,5.579023264046626  ,1.4981555619366285,0.2902877672203458 ,7.446109654380072   ,5.698461446858267  ,2.1083236510936243  ,1.4981555619366285,11.827163881380486 ,6.049742450449245  ,0.8699056884096412 ,2.102458003894362   ,6.213437290369442  ,1.3354225339418169 ,6.502990939874545  ,4.425257108754111  ,4.905596107397491  ,5.3531011927065   ,6.197277905774915  ,4.97340340661252   ,6.873109318247451 ,5.627733252471131 ,11.782735564172965 ,6.2241171181626   ,6.514390226796466  ,0.850476397019226  ,6.2184947435991935 ,0.6908196958634817 ,0.1572199364374341 ,1.5514301650594113  ,0.9575732509823577 ,4.05993148384422   ,15.258016645189022 ,11.977767263273687 ,11.741536201362184 ,4.390834741738127  ,5.039165605347571  ,1.6533336060127672 ,0.9736394375386487,4.302788149813967  ,6.502990939874545  ,4.972516662866122  ,5.436913450225563  ,6.586220852571724  ,1.4374524427954638 ,4.063521312135789  ,3.942422928559381  ,11.767796643267475 ,4.748441263926791  ,15.273210710230023 ,1.5594673621927355  ,6.147094051516074  ,4.565814007031819  ,10.107433206196237,1.6733769523352786 ,11.83532319775137  ,6.987996341706217  ,0.0882856230358003 ,6.867853247106969 ,5.0611086752792405 ,15.1731881550722  ,1.0703487666508058,0.6094574807318138 ,5.918139235136342  ,7.436161669405399  ,7.533924442917912 ,4.5540143866396985 ,4.46016623352791   ,7.001269607054471  ,6.972806260591149  ,1.8670360183095662 ,11.620801028472787 ,5.977375605012873  ,11.896430349872444 ,4.97340340661252   ,7.439556426307417
5.805542644736055  ,9.923536627447318  ,13.136343408937936  ,9.716817767699752  ,5.897613275431054  ,0.8396729550540759 ,10.234713571682452 ,12.084331899467674,9.788615341478588 ,11.50093481425491  ,11.379936163892896 ,11.221165269927694,10.701625019869704 ,12.2706354751335   ,0.0               ,10.855752862781767 ,10.885057498300155 ,13.164372233274312 ,4.933887602014772  ,11.566787695544694 ,11.953712789787977 ,11.142346353700722  ,5.974538346751377  ,10.863173697763822 ,13.003697545750294,8.110203234485356 ,10.244389760712096 ,13.003697545750294,11.98247578765819  ,5.098613024480801   ,10.669141582918872 ,11.142346353700722  ,13.003697545750294,0.4437407443801926 ,6.579218882653167  ,12.662031904080791 ,11.152461878100608  ,6.332158579873289  ,12.124093090049923 ,5.805475158278053  ,9.78953821672899   ,10.35175406313244  ,10.022478568813888,6.13369156979781   ,11.070130368648714 ,5.922766169261016 ,6.713678180275331 ,0.659488413399445  ,6.04778346451209  ,5.929348587270931  ,13.117814241336976 ,10.93235072679515  ,12.953355584431637 ,12.116457291035497 ,11.963976833066567  ,13.20010388613007  ,9.843517577753033  ,11.641198471927195 ,0.446964764382347  ,0.554215703945761  ,10.778759828698993 ,11.453352655986286 ,11.498733939515104 ,11.709938383808293,9.675360507400272  ,5.805475158278053  ,11.526822946061994 ,11.409343176893053 ,5.74131151152908   ,11.13268075259996  ,9.80547933525366   ,10.856199184357003 ,0.6666388324931641 ,9.923536627447318  ,11.588318563162463 ,11.961678551361803  ,6.417554896634015  ,9.379645550939697  ,10.454509864939851,11.29010925470951  ,0.7486957440574623 ,5.58289055290464   ,12.358906035237215 ,5.432121450725648 ,10.611218947194907 ,11.760756246958318,12.87482878144119 ,12.3217754014896   ,10.89786492674156  ,5.107583358904127  ,4.7428311457532395,10.255356035945221 ,9.625745345752787  ,5.6549721940791775 ,5.580284287364677  ,10.952154217077112 ,0.6950149019035149 ,10.855752862781767 ,0.3755551991937091 ,11.070130368648714 ,5.117056296806126
6.125231191131002  ,1.6594115813208308 ,6.252168772471532   ,2.130296058325474  ,5.374570754712646  ,10.888848029128935 ,1.4092475952591836 ,2.410251729269428 ,1.4192362733549144,9.450614056596807  ,4.434146902717435  ,0.3700096019375041,3.8323688110520777 ,5.977375605012873  ,10.855752862781767,0.0                ,1.976643657835013  ,6.079331419094353  ,6.150853164008161  ,1.4387638811382495 ,5.540005417684047  ,3.9072214674338617  ,5.462903780006872  ,1.7510755677021963 ,5.241401968040231 ,6.798382476480248 ,0.7473914267603309 ,5.241401968040231 ,5.879807560821192  ,6.059836773098349   ,0.33647347710627257,3.9072214674338617  ,5.241401968040231 ,10.46299065516377  ,4.883290608263115  ,5.49469519870692   ,3.9110012745671736  ,5.161403109693597  ,4.729100417258386  ,6.062317012484899  ,2.073662928301197  ,1.2246752209060043 ,1.0874148911428907,5.7698460526647075 ,1.0256834763114822 ,5.182106657356545 ,5.410316688387226 ,10.652451385659527 ,6.378336349848071 ,5.600354658289751  ,6.480347342063041  ,0.2502770199077275 ,6.234288163954784  ,5.879634014092056  ,4.478029155227701   ,6.268444423190589  ,2.404894982035998  ,9.55344366409547   ,10.767187251204788 ,10.31475615102767  ,1.5971397709773887 ,1.130335536161536  ,4.328272318173524  ,5.018760494702615 ,2.295136401628792  ,6.062317012484899  ,1.2305761414636411 ,0.7925187303738588 ,6.022890859166444  ,4.736367192598706  ,2.4326122853655043 ,2.0427250745492533 ,10.636713041910806 ,1.6594115813208308 ,9.580182795080725  ,4.469991162829713   ,5.077481236175255  ,2.320975536083921  ,4.2537355990986   ,4.348728075042986  ,10.779138099057768 ,5.654877842154551  ,6.020508564445711  ,7.008218138876172 ,0.9598024056699472 ,9.438287533696005 ,5.523091193357803 ,5.465267726576464  ,0.0735222274460108 ,6.05378731032302   ,7.2436613837507515,1.6184017346148527 ,2.1831729033140705 ,5.509726044967857  ,5.6782105529840345 ,4.2754311732172114 ,10.416187515672366 ,0.0                ,10.546224317958133 ,1.0256834763114822 ,6.0323942584114185
5.476060296567679  ,1.091488249563096  ,4.328118940991989   ,1.1701848200543856 ,5.026335508050241  ,10.765412052734035 ,0.922395859705867  ,1.1993073245069203,1.4453974527708473,11.263422891313608 ,2.4575903069730742 ,1.9801589782765356,1.89631119651358   ,4.004890833461398  ,10.885057498300155,1.976643657835013  ,0.0                ,4.170723751251123  ,5.960547494992043  ,1.0432233297492226 ,3.564680368648161  ,1.932325930340109   ,5.010704900705636  ,0.22556845291674948,3.391864458529577 ,5.363706410436822 ,1.6226823977265223 ,3.391864458529577 ,3.9032362196398283 ,5.811818402047908   ,1.6938176295745955 ,1.932325930340109   ,3.391864458529577 ,10.460931352225561 ,4.384594182322995  ,3.567284842622906  ,1.9358296338183232  ,4.6584452854689955 ,2.786605090412182  ,5.434395618718223  ,1.0997421317424585 ,0.973383732008518  ,1.4788965365584066,5.099431800597718  ,1.0106230074897433 ,4.964001029192613 ,4.604338727358434 ,10.570235063955273 ,5.566564851037417 ,5.102641513357357  ,4.541401788975758  ,2.221372693949998  ,4.293629903259997  ,3.904544930816352  ,2.531139887731118   ,4.35025585467759   ,1.0849609768898008 ,11.373729053748507 ,10.718174778581984 ,10.331125368221837 ,0.38806585239842534,1.212840551691275  ,2.3532490634189256 ,3.042904502891109 ,1.2142943357701077 ,5.434395618718223  ,1.193123395607849  ,1.5512854481236065 ,5.437837781495667  ,2.771473605317435  ,1.126098991024878  ,0.07507807598833958,10.55426995285919  ,1.091488249563096  ,11.3947695234263   ,2.5232670612184886  ,4.568764819974118  ,1.5060492711766493 ,6.138900349276719 ,2.3729857470576476 ,10.673991590846635 ,5.339742313022521  ,4.05025375842611   ,6.266371526215137 ,1.0625713385410327 ,11.273543885560747,3.621182332310322 ,3.507598899950282  ,1.9201930909287772 ,5.803523570367793  ,6.676810132095017 ,0.7554819483625073 ,1.2605206462160237 ,5.24514096138596   ,5.349512768264745  ,2.316681313249623  ,10.3533800424014   ,1.976643657835013  ,10.5417051537565   ,1.0106230074897433 ,5.790310274491879
7.3650954476544905 ,5.067666865705075  ,0.23244848860923828 ,4.823433099233511  ,7.508537915559432  ,12.802847497739577 ,5.036597261402866  ,3.8446730949804424,5.493105101692787 ,15.429628343667114 ,2.012879464236564  ,5.9800676672457485,2.831159598897744  ,0.9913525956329707 ,13.164372233274312,6.079331419094353  ,4.170723751251123  ,0.0                ,8.467012335893614  ,4.735052297523912  ,1.2133330303370609 ,2.480568029467808   ,7.344242410655034  ,4.385595734770858  ,0.92614740623725  ,5.461763991031587 ,5.791908071125491  ,0.92614740623725  ,1.2683444637891275 ,8.263882040557636   ,5.835607176108354  ,2.480568029467808   ,0.92614740623725  ,12.720631533909904 ,6.82994725135782   ,0.6233129370409978 ,2.471887113146725   ,7.014007751425393  ,1.4080342274777788 ,7.371482844138278  ,4.802709390132085  ,5.129446700487009  ,5.614404139453304 ,7.055433108100557  ,5.054002895586594  ,7.639913389646589 ,6.47895655206089  ,12.691426416247737 ,7.129634420699107 ,7.3418483452393515 ,0.5230917410410142 ,6.306601636600989  ,0.3929665640235443 ,1.1196745003261146 ,1.6639321744278475  ,0.2094724381934333 ,4.468939938603557  ,15.541215936454389 ,12.882862469200495 ,12.629834895700169 ,4.55578573413914   ,5.043499005182311  ,1.9959210122108892 ,1.5099096285031308,4.7194894317260045 ,7.371482844138278  ,4.962906867166641  ,5.447147371654706  ,7.447398288218081  ,2.0926087172198518 ,4.48110740867342   ,4.1200099596835456 ,12.676312460707521 ,5.067666865705075  ,15.561228853741992 ,1.6711772488412637  ,6.942524572168421  ,5.014767431239887  ,10.304141941276743,2.1213131988452147 ,12.7491200977497   ,7.794870697659281  ,0.9140957943930589 ,7.789412300858976 ,5.227534944186448  ,15.443116120087808,0.5570277666075016,0.8658269074679508 ,6.013757250735093  ,8.253974736976543  ,8.441563542761374 ,4.820437965617079  ,4.869092015789556  ,7.793387600639116  ,7.782754944699644  ,2.4132895013364517 ,12.523263864680928 ,6.079331419094353  ,12.791471660816944 ,5.054002895586594  ,8.25520404802613
1.431092867032775  ,5.033992893117964  ,8.473324505768943   ,4.796547067341503  ,0.9793458540460647 ,4.81503218899346   ,5.35562837974208   ,7.159407265769727 ,4.946904620680169 ,10.247601133164746 ,6.572010825152254  ,6.500557628290189 ,5.843875714282971  ,7.65349243296417   ,4.933887602014772 ,6.150853164008161  ,5.960547494992043  ,8.467012335893614  ,0.0                ,6.690472204839191  ,7.283663253625315  ,6.281048645511143   ,1.1236779042336849 ,5.949086920313804  ,8.193760864879184 ,4.240741132166593 ,5.473761881213157  ,8.193760864879184 ,7.3766193369390995 ,0.2139625425085497  ,5.918331983320859  ,6.281048645511143   ,8.193760864879184 ,4.504894087870828  ,1.671976962386448  ,7.91824482970505   ,6.291243880105816   ,1.456917258011184  ,7.312061560945476  ,1.370579775004218  ,4.870634665221692  ,5.487873143750629  ,5.212274320461647 ,1.560017217399169  ,6.218067760177293  ,1.0015548743392064,2.0670568092417576,4.611498662191343  ,1.956543071229041 ,1.1482412738755343 ,8.50096367801828   ,6.270824895570062  ,8.308543557004032  ,7.496293163230071  ,7.130513816435998   ,8.532585555001118  ,4.910936377197476  ,10.391533115043567 ,4.757630038506277  ,4.379737025223796  ,5.873950024540932  ,6.605656927731212  ,6.67136271641011   ,6.968807697385824 ,4.747749253542472  ,1.370579775004218  ,6.671460760177652  ,6.609452928828396  ,1.2438364010291607 ,6.383058307658119  ,4.872650447893429  ,5.9292676372095805 ,4.595531396178911  ,5.033992893117964  ,10.369244867302456 ,7.127395310422306   ,1.5334718864775416 ,4.458720022593711  ,7.081766900851563 ,6.475143283326567  ,4.719078748666636  ,0.6752584807427888 ,7.740646676777019  ,1.9128880569567768,5.768346152042468  ,10.415821673887756,8.115862184964522 ,7.604377609442843  ,6.18153467906753   ,0.22366081491920692,1.5568275130596885,5.355782620110391  ,4.70500111216541   ,0.7215705854018676 ,0.6846457542869837 ,6.141733370740474  ,4.392969672073385  ,6.150853164008161  ,4.584957948373447  ,6.218067760177293  ,0.21509673407545052
