0.0                  ,0.059124655561211326 ,0.09181259944905411  ,0.054809011509161856 ,0.013210738831655406 ,0.06876409954787618  ,0.06331051622815866 ,0.08300783037206536 ,0.05959543311359229 ,0.1434531493542139   ,0.06980654840844144  ,0.08048328187056543 ,0.06174443625894892 ,0.08113602469508903  ,0.07256928305920068  ,0.07656538988913753  ,0.068450753707096    ,0.09206369309568113  ,0.017888660837909687 ,0.07942391103839967  ,0.07697155329740799  ,0.06724169600297995  ,0.010108104641277304 ,0.06897415358554453  ,0.09005710239432839 ,0.035154935534755696,0.06738919006781921 ,0.09005710239432839 ,0.07756943965247454  ,0.015373509191582705 ,0.07302266039812778  ,0.06724169600297995  ,0.09005710239432839 ,0.06702605682791407 ,0.01570107967787273  ,0.08570866059912813  ,0.06736615166157812  ,0.012430781959639944 ,0.07909530879418868  ,0.0010530832481531588,0.05577869039909539  ,0.06536217600650773  ,0.06348122117162847  ,0.004707884988145513 ,0.0744228017694307   ,0.017745090151334315 ,0.011583796608528285 ,0.06701217877109604   ,0.006855682734316528,0.007967016588308357 ,0.09176279772552262  ,0.07865377818817498  ,0.08958504251992748  ,0.0791889664060311   ,0.07720986498893902   ,0.09259638950286578  ,0.0548889081048559   ,0.14522835205362816  ,0.06928523107426304  ,0.06583762826591774  ,0.06852242362849652  ,0.07920244123317528  ,0.07138350598561045  ,0.07380525887152531 ,0.05362905847132902  ,0.0010530832481531588,0.07979616034124686  ,0.08034039452395184 ,0.0026135731146458086,0.06659259109605274  ,0.054374520128748195 ,0.06787068666121905  ,0.06681840477972033   ,0.059124655561211326 ,0.1450145766971806   ,0.07718643741346694   ,0.013353274378089804 ,0.0507792215662885   ,0.09843173481472264 ,0.06872025946774804  ,0.06791816768400928  ,0.012879742130270488 ,0.08223860173634767  ,0.01126549929378612 ,0.06928104781524927  ,0.1453340232124015   ,0.08836629275987892  ,0.08147794528097914  ,0.07674553463667284  ,0.015271450842823128  ,0.015062323072547021,0.06254339140447955  ,0.05369300443170898  ,0.014950904844513804 ,0.012367489163456    ,0.06449292102624916  ,0.06473712724465507 ,0.07656538988913753  ,0.06793269557302659  ,0.0744228017694307   ,0.015529932026733879
0.059124655561211326 ,0.0                  ,0.0650028544692476   ,0.005892612572649843 ,0.05178058677495623  ,0.12310783780507376  ,0.004185886406947401,0.027827865964981137,0.00539098043155524 ,0.12995471150131518  ,0.039704843962881264 ,0.02331883778548626 ,0.0304902650972323  ,0.05935551579908489  ,0.12404420784309148  ,0.020742644766510384 ,0.013643603119538699 ,0.06334583582131344  ,0.06292491116397456  ,0.020726555345624578 ,0.05364809526163853  ,0.033075859281829705 ,0.052101250038604684 ,0.0123360924997369   ,0.054531763524460763,0.06429956459435751 ,0.012216803790799511,0.054531763524460763,0.05746154318336111  ,0.061286616840074026 ,0.01654633754011116  ,0.033075859281829705 ,0.054531763524460763,0.118833421284869   ,0.044374857797496246 ,0.055597348246526554 ,0.03315962589610254  ,0.047891081838516744 ,0.04574817978886776  ,0.05846762171347666  ,0.005248911341656502 ,0.006353919914140781 ,0.008240947307123622 ,0.054482125963963624 ,0.01529819347953231  ,0.05040702839340029  ,0.049096722811248286 ,0.12049900324215497   ,0.061331147388527366,0.05351229090701358  ,0.06729950192940068  ,0.02369510638901202  ,0.0642074876141489   ,0.05784043417871134  ,0.042546768609510247  ,0.06538742476402415  ,0.009816204716304865 ,0.13140401942673943  ,0.12223020611544415  ,0.1171404906523669   ,0.010870510152799835 ,0.02009295708702204  ,0.03903771471684465  ,0.0472031379515158  ,0.007975079625805013 ,0.05846762171347666  ,0.020746282072082258 ,0.02149632092054026 ,0.058256966328843016 ,0.042212499604308805 ,0.010058411169813094 ,0.013742083679554365 ,0.12029956770506774   ,0.0                  ,0.1316076063514238   ,0.04245644337977785   ,0.04677990406253278  ,0.008726618589729254 ,0.06733200136874028 ,0.038440891282028655 ,0.1218890920993048   ,0.05560516153646551  ,0.06008373708712981  ,0.06970148962815823 ,0.010415791474215137 ,0.13031778050253476  ,0.0567047632901313   ,0.054056846253636395 ,0.020487695213819178 ,0.0611913758236796    ,0.07381483929931454 ,0.0043424779992079065,0.006569758056532228 ,0.05417713971377693  ,0.055792089022195276 ,0.036415494437396397 ,0.11770485501433896 ,0.020742644766510384 ,0.11985542759118065  ,0.01529819347953231  ,0.060988733297879315
0.09181259944905411  ,0.0650028544692476   ,0.0                  ,0.061754907288333175 ,0.09401387734582688  ,0.15951801085164122  ,0.06476652148782983 ,0.05054663250360194 ,0.07034892961841664 ,0.1947188749037785   ,0.026206515432466333 ,0.07702115849760194 ,0.036435920833467   ,0.011122763249026548 ,0.1642042926117242   ,0.07815210965589416  ,0.05410148676239986  ,0.0029056061076154784,0.10591655632211179  ,0.061527217389799306 ,0.014885328519387573 ,0.03232969871188601  ,0.09187139339227288  ,0.05681880240113424  ,0.014349831644699598,0.06711230734230983 ,0.0743240731423072  ,0.014349831644699598,0.014731059503094179 ,0.10335507467305141  ,0.07503044228446384  ,0.03232969871188601  ,0.014349831644699598,0.15865846226294275 ,0.08559233816907655  ,0.00951043239752478  ,0.032227019976811155 ,0.08780242148512478  ,0.019330634433768607 ,0.09192545838248399  ,0.06153442573491883  ,0.06599941183784289  ,0.07199188374036837  ,0.08803010738292218  ,0.06534962257999397  ,0.09578554592768287  ,0.08085604629260186  ,0.15819095770503674   ,0.08867330057853737 ,0.0917737371770527   ,0.0036341622275147213,0.08102427319619085  ,0.0026202874570931257,0.012929862465424139 ,0.02254642576987648   ,0.0008555513619738206,0.05726479868231965  ,0.19612712630083898  ,0.16060911915615197  ,0.15755644777646466  ,0.05893433363195481  ,0.06535758318245692  ,0.026244621247445442 ,0.01945491902238993 ,0.06038725661048461  ,0.09192545838248399  ,0.06437200884725047  ,0.07040375880466948 ,0.09291616043829011  ,0.02658361386968801  ,0.05739449448921259  ,0.05343989928118979  ,0.15800323144789974   ,0.0650028544692476   ,0.19636616598268977  ,0.022641391907650053  ,0.0869319135589761   ,0.06400176086524928  ,0.13082686289283224 ,0.027565000183744515 ,0.1588760240724965   ,0.09754137165990132  ,0.010060320541367584 ,0.09681144873852089 ,0.06735250725121747  ,0.1949310335677857   ,0.009381673915698427 ,0.011468727347655977 ,0.07734319511716833  ,0.10323095755641107   ,0.10506428563660926 ,0.06202885441291889  ,0.06228421189857036  ,0.09759204022505127  ,0.09737508480036103  ,0.030994199445861743 ,0.1561314514027725  ,0.07815210965589416  ,0.15953385732152753  ,0.06534962257999397  ,0.10325696285845531
0.054809011509161856 ,0.005892612572649843 ,0.061754907288333175 ,0.0                  ,0.048404104241728266 ,0.1200814618654246   ,0.009467358122111734,0.029604291239941828,0.010363104936706686,0.13394385870947387  ,0.03591517058910672  ,0.029089098505167145,0.026195933201430044,0.055385687150141985 ,0.12146022209624689  ,0.02662870072906843  ,0.01462731025067982  ,0.06029291374041888  ,0.05995683834176879  ,0.02462269114020006  ,0.049657073416578455 ,0.029465987496694566 ,0.0483935214396361   ,0.014443221334631325 ,0.0521995024587847  ,0.05847285003672471 ,0.01803992827129896 ,0.0521995024587847  ,0.05326389120834185  ,0.058148426527244425 ,0.022428668435524622 ,0.029465987496694566 ,0.0521995024587847  ,0.11617095563460833 ,0.04058189331314259  ,0.05250276209476314  ,0.0295631153992656   ,0.044056243443656204 ,0.04274738233845123  ,0.05421241044193814  ,0.0009696843449895247,0.011846893042890992 ,0.01391460255287677  ,0.05012177141962967  ,0.020115567068071737 ,0.0474748249267678   ,0.04438317384722927  ,0.11759732906101801   ,0.05658947505598029 ,0.04965611918832133  ,0.0638335816226124   ,0.029587610145586883 ,0.06076948675968957  ,0.05377962395480951  ,0.039605347774879715  ,0.062197616103686806 ,0.004667221056130188 ,0.13542841750373766  ,0.11942061319647401  ,0.11453775256886298  ,0.013745706582270607 ,0.024702049894735602 ,0.03553876064837232  ,0.04333599702128872 ,0.0021062704756110054,0.05421241044193814  ,0.025162733387197968 ,0.02675736701330315 ,0.054122558220299474 ,0.03784030672064689  ,0.004715238673160963 ,0.014338735690632268 ,0.11739773773115691   ,0.005892612572649843 ,0.13560015526748642  ,0.0395215112698503    ,0.04293541043685987  ,0.0042229859183301   ,0.07212311065557873 ,0.03460013686244798  ,0.1189179060409616   ,0.052300667966540634 ,0.0561747221568919   ,0.06512343475012104 ,0.015891591539187136 ,0.13442932469979194  ,0.05385959525208946  ,0.05056036909519619  ,0.026359098509598628 ,0.0580468379243082    ,0.06968263901143906 ,0.007888010809848713 ,0.0011471086615328903,0.05104869199769866  ,0.05244294170204058  ,0.03214192575197256  ,0.11486687583712205 ,0.02662870072906843  ,0.11718279284240514  ,0.020115567068071737 ,0.05787171155041558
0.013210738831655406 ,0.05178058677495623  ,0.09401387734582688  ,0.048404104241728266 ,0.0                  ,0.0717511074707066   ,0.05588734458955276 ,0.07777821259162522 ,0.051216861236667056,0.1306871996489172   ,0.069985359081166    ,0.07138193797756634 ,0.06082022527271993 ,0.08391537051164819  ,0.07372016594288817  ,0.06718213443390807  ,0.06282919385062802  ,0.0938567239444929   ,0.012241823175575808 ,0.07249677957662012  ,0.07917146658168403  ,0.06627948711030204  ,0.0035314166452673733,0.06284723685636814  ,0.09023433515810247 ,0.04513806631983612 ,0.05834435492909207 ,0.09023433515810247 ,0.08050064564256745  ,0.009993552417927825 ,0.06397754566013837  ,0.06627948711030204  ,0.09023433515810247 ,0.06831069624324822 ,0.008659685194518593 ,0.0869111396323746   ,0.06640694664902255  ,0.006267186067199247 ,0.07921894389911197  ,0.012157669004876153 ,0.04934914147556765  ,0.05768495890741558  ,0.05478517380156532  ,0.011588332555726827 ,0.06685228322252632  ,0.0045670849342171185,0.015624358404922638 ,0.06938253902217376   ,0.01968457242239475 ,0.005450610315148034 ,0.09447048416673635  ,0.06896166506412214  ,0.09200359217540169  ,0.08195061573582278  ,0.07692137430039901   ,0.09474222591262507  ,0.04954003714942859  ,0.13245168173365646  ,0.07131428528234177  ,0.06680082035740507  ,0.062032471716741575 ,0.07170244808919127  ,0.07119447348905439  ,0.07507370208495918 ,0.047651397815103025 ,0.012157669004876153 ,0.07245269567416265  ,0.07214140594333349 ,0.010767629263584936 ,0.06775144288936183  ,0.04905131046213651  ,0.06239371265401707  ,0.0691832048007527    ,0.05178058677495623  ,0.13226201479845617  ,0.07688140375782818   ,0.007082639899791393 ,0.04419153324627861  ,0.08539751957182844 ,0.06876385164058707  ,0.07063218829638696  ,0.003940859158721726 ,0.08499735580870937  ,0.023713240859492828,0.06136037577030586  ,0.13248974343722497  ,0.08934729730567839  ,0.0830531785129528   ,0.06747788063110836  ,0.009879633531694274  ,0.023865230862089436,0.05565352835604026  ,0.0472570179082022   ,0.003616408629331809 ,0.0040402364459036786,0.06461001523373616  ,0.06673613289340367 ,0.06718213443390807  ,0.06929927106823866  ,0.06685228322252632  ,0.009780402638306115
0.06876409954787618  ,0.12310783780507376  ,0.15951801085164122  ,0.1200814618654246   ,0.0717511074707066   ,0.0                  ,0.12711279020672084 ,0.14952690329861487 ,0.1218635381221392  ,0.15194699320016675  ,0.13851975197409186  ,0.14060994724820203 ,0.13047988022767973 ,0.14856215219446298  ,0.010495911938175949 ,0.13611060036411168  ,0.13456765065917545  ,0.16003559372174472  ,0.06018790236241826  ,0.14380230116344103  ,0.14486913048354716  ,0.1359837473698275   ,0.07222734852881794  ,0.13451065231855663  ,0.15871032981684471 ,0.09517385332881059 ,0.12806560785023463 ,0.15871032981684471 ,0.14493979841377896  ,0.06193307643720053  ,0.13351256791511376  ,0.1359837473698275   ,0.15871032981684471 ,0.009371195856464381,0.0799879747684101   ,0.15404394578489247  ,0.1361086828064036   ,0.0767073326428366   ,0.1477906249359216   ,0.0689090759177807   ,0.12101607501011695  ,0.12872563234010234  ,0.1250261461177224   ,0.07314016588724317  ,0.1378226041348426   ,0.0727072599771155   ,0.08031832012935979  ,0.003894266740298427  ,0.07094560511573886 ,0.07138127281699401  ,0.15907738186921364  ,0.13729390898917682  ,0.15716001404768093  ,0.14666257301327007  ,0.14595989480183685   ,0.1603316857090898   ,0.12128465943801188  ,0.1537206276861499   ,0.00519001046591026  ,0.011291399365619802 ,0.13360318815818129  ,0.14265682896069978  ,0.1401335384174824   ,0.14220699760488062 ,0.11938920797807206  ,0.0689090759177807   ,0.14350797386307687  ,0.14247665574390087 ,0.06831653113621376  ,0.13509389928198828  ,0.12079370923465468  ,0.1341414527245705   ,0.004023143994883157  ,0.12310783780507376  ,0.153093176631827    ,0.14593773500171553   ,0.07781048017568411  ,0.11585978431141504  ,0.13512408081665322 ,0.137453439345859    ,0.0017754823064652116,0.06782516133840513  ,0.14966219157586552  ,0.06271399874138181 ,0.13215620051692759  ,0.1551038137716016   ,0.15677662347022486  ,0.1496733287975583   ,0.13657744649456977  ,0.06203486912272059   ,0.054561234060110174,0.1271343575852651   ,0.11893512452361825  ,0.06903492358569438  ,0.06771502329117669  ,0.1332281078081586   ,0.006885162807683616,0.13611060036411168  ,0.00878999970080409  ,0.1378226041348426   ,0.062210515632909656
0.06331051622815866  ,0.004185886406947401 ,0.06476652148782983  ,0.009467358122111734 ,0.05588734458955276  ,0.12711279020672084  ,0.0                 ,0.024635777106487733,0.006672430297483968,0.12995385930414854  ,0.0401161742147823   ,0.019706616309074193,0.03148793103947318 ,0.059776653738634514 ,0.12793391964603065  ,0.017615594940739797 ,0.011529948246323338 ,0.06295746576753583  ,0.066945354746776    ,0.01669013368514887  ,0.054120876010279304 ,0.03342713965772996  ,0.05625202810555441  ,0.009559945146259073 ,0.05363459626196423 ,0.0678653832194907  ,0.010150043755793748,0.05363459626196423 ,0.0581063201470303   ,0.06534352800126858  ,0.013429759709446676 ,0.03342713965772996  ,0.05363459626196423 ,0.12274689218978134 ,0.04853814132163631  ,0.05528577027303998  ,0.03349822891325456  ,0.05205628550814806  ,0.04543724727843461  ,0.06265290132076179  ,0.008623304719307352 ,0.002395887429589331 ,0.007225470608315051 ,0.05866781234577577  ,0.011112425756742568 ,0.054433827165167634 ,0.05326174510379317  ,0.12447456998513903   ,0.06549577143617791 ,0.05767711650393144  ,0.0672368123484542   ,0.020682553669057337 ,0.0641345896428367   ,0.05835381377570833  ,0.042221197056084604  ,0.06510125249794456  ,0.012455925666726363 ,0.13136699462982465  ,0.12618188686509044  ,0.12103797163757171  ,0.007701038338751029 ,0.01591331559182099  ,0.03920809235459792  ,0.0476096189893709  ,0.011386956298912667 ,0.06265290132076179  ,0.016587803858868537 ,0.01739905661920743 ,0.0624387861770737   ,0.04313196144514559  ,0.012817285437334212 ,0.01189307377478645  ,0.12427523060335036   ,0.004185886406947401 ,0.13160170943428795  ,0.04212672723212022   ,0.05094641256555025  ,0.012809124018504226 ,0.06657050855760034 ,0.038912164982501225 ,0.12588126394062102  ,0.0596970353096663   ,0.0604454705655388   ,0.07388100862499034 ,0.00642539906055665  ,0.1301949675537504   ,0.056186788026351554 ,0.05408950321744728  ,0.01723729070790046  ,0.06524960060790713   ,0.07799495081311784 ,0.002889512712375443 ,0.010355171042390565 ,0.058238650677089596 ,0.05989125454764821  ,0.037304215121785    ,0.12166523018423081 ,0.017615594940739797 ,0.12377133566361091  ,0.011112425756742568 ,0.06504173374097871
0.08300783037206536  ,0.027827865964981137 ,0.05054663250360194  ,0.029604291239941828 ,0.07777821259162522  ,0.14952690329861487  ,0.024635777106487733,0.0                 ,0.031220964577429684,0.14820503961762638  ,0.033013668552991336 ,0.02777081691248511 ,0.030366769554374694,0.04966048141577442  ,0.15105414874334594  ,0.03012814661586785  ,0.014991341556336505 ,0.04805841368725553  ,0.08949259082212159  ,0.012151143034664566 ,0.04493438754434077  ,0.02793782427251753  ,0.07750695746203287  ,0.015527504724374652 ,0.03684494457864348 ,0.07831884839113173 ,0.030171305363759043,0.03684494457864348 ,0.049465669053804624 ,0.08761953517275206  ,0.028243216465524613 ,0.02793782427251753  ,0.03684494457864348 ,0.14575285210071723 ,0.06968475177402597  ,0.04149132139733534  ,0.02791056197396367  ,0.07308058648911472  ,0.03299397572328001  ,0.08253012016776277  ,0.0287084776782337   ,0.02411935942445851  ,0.030186523968836042 ,0.07830480909433435  ,0.018139234076673182 ,0.07704054882861791  ,0.07190553296274756  ,0.14710489815343983   ,0.08376047201623214 ,0.07860238646349785  ,0.05377984279295177  ,0.03250325155685295  ,0.05084964372024996  ,0.048918155285358325 ,0.03030961941702125   ,0.05059018165675781  ,0.028309778826407634 ,0.14947101465820062  ,0.14896222122441005  ,0.14413015582868366  ,0.017012337745716376 ,0.01606708104139717  ,0.030914013628137938 ,0.038972513606564604,0.030149235120059438 ,0.08253012016776277  ,0.014867539251305911 ,0.020894916519853902,0.08264439127315085  ,0.03835859853720555  ,0.028812019737370416 ,0.015385759052148274 ,0.14690535240550162   ,0.027827865964981137 ,0.1498194893758648   ,0.030210815061998336  ,0.07196134703164342  ,0.033811900344613996 ,0.08308611550926166 ,0.032462815672081584 ,0.1483929063098928   ,0.08170180522158578  ,0.049922032211953946 ,0.09259720586147575 ,0.02278082064601264  ,0.14798590813202134  ,0.041171112574610855 ,0.04236523251568418  ,0.029222041391620112 ,0.08751518990198186   ,0.09805718397539473 ,0.023488914801668308 ,0.03073863259133474  ,0.08054225715378482  ,0.08181640001389807  ,0.03372334111407705  ,0.14440066136553736 ,0.03012814661586785  ,0.14676238058183805  ,0.018139234076673182 ,0.08735322256560515
0.05959543311359229  ,0.00539098043155524  ,0.07034892961841664  ,0.010363104936706686 ,0.051216861236667056 ,0.1218635381221392   ,0.006672430297483968,0.031220964577429684,0.0                 ,0.12456616431012701  ,0.045095824099088355 ,0.0211217272159683  ,0.035843306382649626,0.06474550524325547  ,0.12235769176848235  ,0.01774045341693643  ,0.018067468159635593 ,0.06866381377115985  ,0.06183630775850211  ,0.022400008061958486 ,0.059037047791571796 ,0.038465433093942715 ,0.05190074534069986  ,0.01622519993869938  ,0.05970411606814592 ,0.06754856731445776 ,0.008465450789035957,0.05970411606814592 ,0.06283938515887215  ,0.060385733776208816 ,0.013769573335533964 ,0.038465433093942715 ,0.05970411606814592 ,0.11723255488545255 ,0.0443627718759414   ,0.06092721313429148  ,0.038548848199061035 ,0.047882152193447824 ,0.0510729885344854   ,0.05886626351464543  ,0.010024153016833213 ,0.007273156620271018 ,0.004151090747338437 ,0.055046956549032335 ,0.016019220669682224 ,0.049393315091957164 ,0.0501850565100521   ,0.11913232974282888   ,0.06236466816254976 ,0.05346876897784909  ,0.07266945832448239  ,0.020406627071430997 ,0.06957568411104631  ,0.06322719123343754  ,0.04786648780281341   ,0.07072531232110411  ,0.014808031318766554 ,0.12601427285135353  ,0.12076794601934289  ,0.11548495623753345  ,0.01436602781936036  ,0.020818616951604058 ,0.04442057809885288  ,0.052593982822449835,0.012429855814628969 ,0.05886626351464543  ,0.021728443475774066 ,0.02093122889975725 ,0.058506338484386314 ,0.04756459398429765  ,0.014966740255655734 ,0.018337903742588972 ,0.11893342812596681   ,0.00539098043155524  ,0.12621889483615875  ,0.04777527468629954   ,0.04679557010038567  ,0.011596923858688499 ,0.062023342236934086,0.043831463633668785 ,0.120590424561452    ,0.054926900283616076 ,0.06547462423495601  ,0.0704575930583612  ,0.010297089488244338 ,0.1249268003664282   ,0.06199105969753349  ,0.059433433652264    ,0.017701312851309648 ,0.06029784553322935   ,0.07396692543879754 ,0.008720944195966295 ,0.010614180544889471 ,0.053326293127828786 ,0.05516005568941655  ,0.041776852695940246 ,0.11627953191535038 ,0.01774045341693643  ,0.11826252894305167  ,0.016019220669682224 ,0.06006798363080771
0.1434531493542139   ,0.12995471150131518  ,0.1947188749037785   ,0.13394385870947387  ,0.1306871996489172   ,0.15194699320016675  ,0.12995385930414854 ,0.14820503961762638 ,0.12456616431012701 ,0.0                  ,0.16964607982602478  ,0.12055280364876761 ,0.1601363988890618  ,0.18926042810529928  ,0.14376168517818638  ,0.11813267570746008  ,0.1407927861414201   ,0.19287035429583893  ,0.12809501416455932  ,0.1360587582654876   ,0.18353852272435106  ,0.1630302694717695   ,0.13417641240025596  ,0.13816963532978246  ,0.18308983475035573 ,0.1739036516936403  ,0.12050943134295619 ,0.18308983475035573 ,0.1872072351554034   ,0.12978731618291112  ,0.12054502305120265  ,0.1630302694717695   ,0.18308983475035573 ,0.1426253721835831  ,0.13338920522811634  ,0.18523116340791676  ,0.16311429076415923  ,0.13451915850226545  ,0.1753884449623627   ,0.14243129724857123  ,0.13396826944060483  ,0.12875281883862172  ,0.12272915151490624  ,0.1422360176198688   ,0.13070169239268167  ,0.1261625281703363   ,0.14432905448033928  ,0.14809094020798463   ,0.1502208061785361  ,0.13612840795694545  ,0.19716791761670738  ,0.11570419414226066  ,0.19406766725369456  ,0.18769482771335327  ,0.17217252315289408   ,0.19504602220792916  ,0.13860535482945688  ,0.0018231792235309905,0.14721622854105404  ,0.140656366539367    ,0.136027335077772    ,0.13213863576954554  ,0.16897968854922668  ,0.17713427417376684 ,0.13564459001058132  ,0.14243129724857123  ,0.13334875316720668  ,0.1274060653088302  ,0.14084769407566347  ,0.17177474832040454  ,0.1386007981134904   ,0.14139473551851672  ,0.14798833588197285   ,0.12995471150131518  ,0.0016580915807849605,0.17207768898312653   ,0.1343672313743438   ,0.1326887602039179   ,0.06527685529891704 ,0.16836874311985048  ,0.15019286033644966  ,0.1305941023372032   ,0.1900124753742133   ,0.15188719672857917 ,0.12772476557612716  ,0.003803201618341302 ,0.1860410329853643   ,0.18396898490587185  ,0.11902695232010689  ,0.1298428507072366    ,0.14701657335832233 ,0.13270850689224142  ,0.13365811023689347  ,0.12850630121695228  ,0.13111188281723832  ,0.16608455244435896  ,0.14541023174114298 ,0.11813267570746008  ,0.1433338506895055   ,0.13070169239268167  ,0.12948495012211714
0.06980654840844144  ,0.039704843962881264 ,0.026206515432466333 ,0.03591517058910672  ,0.069985359081166    ,0.13851975197409186  ,0.0401161742147823  ,0.033013668552991336,0.045095824099088355,0.16964607982602478  ,0.0                  ,0.05526286905476894 ,0.010239164157969462,0.01967386641964237  ,0.1422492020486612   ,0.05542683628396794  ,0.030719878837163428 ,0.02516099330295705  ,0.08215013531440317  ,0.04109920695809554  ,0.014004814191481687 ,0.0066905478394290365,0.06824361848486565  ,0.03353922062041933  ,0.020320239910576146,0.05261635685961685 ,0.050113888449184144,0.020320239910576146,0.018092700854132927 ,0.07970065939112317  ,0.05181363742625472  ,0.0066905478394290365,0.020320239910576146,0.13671895883556887 ,0.06137025898866018  ,0.01754118776962555  ,0.006622987119739071 ,0.06394558282057936  ,0.009303091821235766 ,0.06973416392818496  ,0.03578866817965985  ,0.0416990325777878   ,0.04724204320488463  ,0.06558703358525832  ,0.043112382717355534 ,0.07123997678905582  ,0.05834247519290986  ,0.13681857645703668   ,0.06788791454755606 ,0.06846081358447079  ,0.028002612487540074 ,0.058485915809514    ,0.024978108649014112 ,0.018241886329086382 ,0.007652695531316209  ,0.02674311890017752  ,0.03132797615824775  ,0.1711019435412856   ,0.13908438790929356  ,0.1354464468233822   ,0.035485875599442336 ,0.04445401710541676  ,0.0024126487777718893,0.007504649789564005,0.0344164279778452   ,0.06973416392818496  ,0.043752291581430645 ,0.049292810608187354,0.07048625756315405  ,0.005778751639300135 ,0.03141482530130228  ,0.02989550718068933  ,0.13662486643885116   ,0.039704843962881264 ,0.1712998303284452   ,0.007654370637863341  ,0.06298235087655965  ,0.03790521962320102  ,0.10668665056353747 ,0.0013590778993117618,0.13770778101777886  ,0.07370941102103162  ,0.020380854076552386 ,0.0765922194314411  ,0.043788121325472204 ,0.17002261749288528  ,0.019621277770933008 ,0.014788449638558313 ,0.054721390331193234 ,0.07957850322923862   ,0.08409251623852701 ,0.037258726338825064 ,0.03635476379704331  ,0.073470218998598    ,0.07360852882651955  ,0.0053796737474110425,0.13452904286340922 ,0.05542683628396794  ,0.13764521988442202  ,0.043112382717355534 ,0.07955758265695705
0.08048328187056543  ,0.02331883778548626  ,0.07702115849760194  ,0.029089098505167145 ,0.07138193797756634  ,0.14060994724820203  ,0.019706616309074193,0.02777081691248511 ,0.0211217272159683  ,0.12055280364876761  ,0.05526286905476894  ,0.0                 ,0.048392199290192964,0.07422580314296859  ,0.14026456587409616  ,0.004625120024218801 ,0.024751987228456694 ,0.07475084584057186  ,0.08125697035362736  ,0.015750775477691006 ,0.06887977995058472  ,0.04880677767931903  ,0.07238765702467644  ,0.02198896011655762  ,0.06398631188254339 ,0.08755566344722465 ,0.013103919952266457,0.06398631188254339 ,0.07322158273156158  ,0.08007081481691179  ,0.007461011786340852 ,0.04880677767931903  ,0.06398631188254339 ,0.1353404457754592  ,0.06504761406060003  ,0.06762597663573368  ,0.04884261411778908  ,0.06854228161974754  ,0.05824947065040729  ,0.07971911464023428  ,0.028293545305135264 ,0.017312138419770737 ,0.01707151588457567  ,0.07599231471193577  ,0.012161345647217155 ,0.06908055267674099  ,0.07128843698499235  ,0.13767414947027917   ,0.08344734343316297 ,0.07406593251908433  ,0.07999694746544972  ,0.005210689838028722 ,0.07694964028277662  ,0.0731022796870284   ,0.05517696480705679   ,0.07717637117037163  ,0.03205407456652797  ,0.12179485908474799  ,0.139124926868055    ,0.13349380550470852  ,0.020318571784978826 ,0.011809520845909928 ,0.05377379492117225  ,0.06241406963832247 ,0.03107078833499131  ,0.07971911464023428  ,0.01293773509045348  ,0.006877183171486299,0.07927486356383419  ,0.05938108793619655  ,0.03244847550839359  ,0.025645589689354736 ,0.13747717945705873   ,0.02331883778548626  ,0.12215987845044181  ,0.05507558216933399   ,0.06748010714239847  ,0.03190323574594371  ,0.055352867044389374,0.054269773191436596 ,0.13924723724053947  ,0.07493243639207209  ,0.07470475492885573  ,0.09144799501976979 ,0.013447568124051873 ,0.12027199129518559  ,0.067788272056648    ,0.06757172768019208  ,0.00404142999106018  ,0.07999312375929915   ,0.09461179500852569 ,0.02200304920813292  ,0.029872448805973544 ,0.07315478699041177  ,0.07521302993731777  ,0.05371039421399565  ,0.13472828758790703 ,0.004625120024218801 ,0.13638044618881046  ,0.012161345647217155 ,0.07973143664134832
0.06174443625894892  ,0.0304902650972323   ,0.036435920833467    ,0.026195933201430044 ,0.06082022527271993  ,0.13047988022767973  ,0.03148793103947318 ,0.030366769554374694,0.035843306382649626,0.1601363988890618   ,0.010239164157969462 ,0.048392199290192964,0.0                 ,0.029233140267263542 ,0.1337703127483713   ,0.04790461013815097  ,0.023703889956419748 ,0.0353894949862218   ,0.07304844642853714  ,0.035730867211248504 ,0.023507923155174994 ,0.005510646178598031 ,0.059311380746288334 ,0.026416944444072832 ,0.029633506250315484,0.04912025354068046 ,0.041632192423644125,0.029633506250315484,0.027071921435444346 ,0.0706707318030927   ,0.044030924287765075 ,0.005510646178598031 ,0.029633506250315484,0.1282633024147755  ,0.052163709281909554 ,0.027724423775064382 ,0.005636698260412536 ,0.05492422253516677  ,0.01878690769463387  ,0.06157242036806432  ,0.026175912615540003 ,0.03333254788158775  ,0.0383837569262711   ,0.05734149375565204  ,0.036328202501520565 ,0.06178842438547925  ,0.05016951360039064  ,0.1286170337917299    ,0.06051683642995387 ,0.05969984312181127  ,0.03813584693896256  ,0.05102322435885004  ,0.03514411901280194  ,0.027595001431330562 ,0.016198407040735684  ,0.03697971885721148  ,0.021541828944761955 ,0.16161723861196126  ,0.13080702367990665  ,0.12691814190926387  ,0.028098418139801785 ,0.03856424077019567  ,0.010709546804293927 ,0.017333778111485194,0.024556614912153905 ,0.06157242036806432  ,0.0380954944238157   ,0.043047469534337815,0.062185841178768075 ,0.011722306516646411 ,0.02157110405816831  ,0.022787622374746068 ,0.12842130758794562   ,0.0304902650972323   ,0.16179246393222319  ,0.016149728436550714  ,0.053917284681172115 ,0.027869090849791018 ,0.097806213299276   ,0.008880437980889663 ,0.12959467537666872  ,0.0646245233222497   ,0.03005463576639576  ,0.06938060554430511 ,0.03596141164652003  ,0.16060235594401268  ,0.029660049501214952 ,0.024993508570190916 ,0.04728601606116622  ,0.07055033534606414   ,0.07640218299167677 ,0.02859863268549139  ,0.026528774374474574 ,0.06423244510083513  ,0.06455921678483441  ,0.005950352929834109 ,0.12623197459489516 ,0.04790461013815097  ,0.12920951804875583  ,0.036328202501520565 ,0.07050521196605798
0.08113602469508903  ,0.05935551579908489  ,0.011122763249026548 ,0.055385687150141985 ,0.08391537051164819  ,0.14856215219446298  ,0.059776653738634514,0.04966048141577442 ,0.06474550524325547 ,0.18926042810529928  ,0.01967386641964237  ,0.07422580314296859 ,0.029233140267263542,0.0                  ,0.15338294343916875  ,0.07471719506266092  ,0.050061135418267476 ,0.012391907445412135 ,0.09566865541205213  ,0.059384227323465356 ,0.005728730617278495 ,0.026354045638670304 ,0.08163161767317223  ,0.052872708395794096 ,0.018726944524207857,0.05600850915593292 ,0.06973779080058282 ,0.018726944524207857,0.003628597090254323 ,0.0930763706797509   ,0.07123076808572834  ,0.026354045638670304 ,0.018726944524207857,0.14783954851725606 ,0.07562178063061556  ,0.010873821105120515 ,0.026280725048679527 ,0.07766796612961803  ,0.01669278167427271  ,0.0812873867484318   ,0.05531571385942639  ,0.061319951342468634 ,0.06691376490883125  ,0.07746597382218644  ,0.0621675425826565   ,0.08591386647809314  ,0.07034666565588914  ,0.14728419455216207   ,0.0778014639770325  ,0.08142987783495582  ,0.010630954962740325 ,0.07773118429498992  ,0.008635246198293521 ,0.001965249205467926 ,0.019392877063242643  ,0.011969665637279471 ,0.05074914354805275  ,0.19072520806486276  ,0.14972209079092108  ,0.1467692025170273   ,0.05488543427172658  ,0.06298957006684464  ,0.020666670075159592 ,0.012170492969233108,0.05378485187267459  ,0.0812873867484318   ,0.06215645828582652  ,0.06796141812781954 ,0.08232776065714656  ,0.017968155534943298 ,0.05079401640169736  ,0.04928028660699226  ,0.14709745804084345   ,0.05935551579908489  ,0.1909151338778753   ,0.019493342027409193  ,0.07683867564395093  ,0.05707267508789774  ,0.12634291507745296 ,0.020917211904190984 ,0.14794153997189213  ,0.08734995427132772  ,0.0011035702879475038,0.08584816558883711 ,0.0632638584409905   ,0.1896648519384025   ,0.013379359583135072 ,0.007618218509147673 ,0.07397674043920428  ,0.09295202086756749   ,0.0941740555364739  ,0.056925179832996234 ,0.05575207791909888  ,0.08751587008818089  ,0.08716007825738936  ,0.02333795022886958  ,0.14526001285590984 ,0.07471719506266092  ,0.14870537937340556  ,0.0621675425826565   ,0.09299445532884272
0.07256928305920068  ,0.12404420784309148  ,0.1642042926117242   ,0.12146022209624689  ,0.07372016594288817  ,0.010495911938175949 ,0.12793391964603065 ,0.15105414874334594 ,0.12235769176848235 ,0.14376168517818638  ,0.1422492020486612   ,0.14026456587409616 ,0.1337703127483713  ,0.15338294343916875  ,0.0                  ,0.13569691078477208  ,0.13606321872875193  ,0.1645546529159289   ,0.061673595025184644 ,0.14458484619430867  ,0.1494214098723497   ,0.13927932942125903  ,0.07468172933439221  ,0.13578967122204777  ,0.16254621932187868 ,0.10137754043106695 ,0.1280548720089012  ,0.16254621932187868 ,0.1497809473457274   ,0.06373266280601     ,0.1333642697864859   ,0.13927932942125903  ,0.16254621932187868 ,0.005546759304752407,0.08224023603316458  ,0.15827539880100988  ,0.1394057734762576   ,0.0791519822484161   ,0.15155116362562404  ,0.07256843947847566  ,0.12236922770911238  ,0.1293969257891555   ,0.1252809821101736   ,0.07667114462247263  ,0.13837662960810893  ,0.0740345771157627   ,0.08392097725344164  ,0.008243605167493062  ,0.07559729330640112 ,0.07411685734088663  ,0.1639726780167122   ,0.13665438408493938  ,0.16191694480539548  ,0.1514557161379437   ,0.1495497104133321    ,0.16500129857662588  ,0.12304396972191292  ,0.14551498089908993  ,0.005587059554779337 ,0.006927696299322013 ,0.13473449785873742  ,0.14316690819982858  ,0.1437341742439388   ,0.14637422979760367 ,0.1209420063425034   ,0.07256843947847566  ,0.14408528682577493  ,0.14261678971116315 ,0.0717663938941135   ,0.1391585094074995   ,0.12256849169067074  ,0.13570248980446253  ,0.008332985406164551  ,0.12404420784309148  ,0.1448539820395308   ,0.14952098189202254   ,0.08021943620792518  ,0.11724556938674621  ,0.13068137331174814 ,0.14112636568386888  ,0.00935869680071828  ,0.069786131911308    ,0.1544863254404652   ,0.06790151813407061 ,0.13264023683993634  ,0.14700945308697896  ,0.16093535976801487  ,0.15402219251861998  ,0.1362233115842695   ,0.06384479198630158   ,0.059285389321915495,0.12819195044931525  ,0.12032181682190983  ,0.07068715242598972  ,0.06975355359205845  ,0.1369019277134639   ,0.008687686273793935,0.13569691078477208  ,0.0046944399899213635,0.13837662960810893  ,0.06396320371007658
0.07656538988913753  ,0.020742644766510384 ,0.07815210965589416  ,0.02662870072906843  ,0.06718213443390807  ,0.13611060036411168  ,0.017615594940739797,0.03012814661586785 ,0.01774045341693643 ,0.11813267570746008  ,0.05542683628396794  ,0.004625120024218801,0.04790461013815097 ,0.07471719506266092  ,0.13569691078477208  ,0.0                  ,0.024708045722937663 ,0.07599164273867941  ,0.07688566455010201  ,0.017984548514228118 ,0.06925006772105059  ,0.04884026834292327  ,0.0682862972500859   ,0.021888444596277454 ,0.06551752460050289 ,0.0849797809560031  ,0.009342392834504136,0.06551752460050289 ,0.0734975945102649   ,0.07574795966372935  ,0.0042059184638284074,0.04884026834292327  ,0.06551752460050289 ,0.13078738318954714 ,0.06104113260328894  ,0.0686836899838365   ,0.04888751593208967  ,0.06451753887116997  ,0.05911375521572983  ,0.07577896265606124  ,0.025920786603764963 ,0.015308440261325055 ,0.013592686139286134 ,0.07212307565830885  ,0.012821043453893528 ,0.06477633321695682  ,0.06762895860484033  ,0.1331556423207441    ,0.0797292043731009  ,0.07000443322862189  ,0.08100434177578801  ,0.0031284627488465935,0.0779286020494348   ,0.0734954251761507   ,0.055975364440346266  ,0.07835555528988236  ,0.030061187275449975 ,0.11941804580119338  ,0.13458984064005985  ,0.12893445188784586  ,0.01996424713721736  ,0.0141291942020192   ,0.05410340397716905  ,0.06273450618378269 ,0.028689205020359897 ,0.07577896265606124  ,0.015382201768295514 ,0.009906484129673234,0.07528613573958055  ,0.059204589907483826 ,0.030407653567068805 ,0.025534063431865667 ,0.13295891302388507   ,0.020742644766510384 ,0.11975228493850906  ,0.05587488953537141   ,0.06346851545219069  ,0.029012194201049012 ,0.0531716949887325  ,0.05435910093803733  ,0.1347392262382221   ,0.07068597302693189  ,0.07525635705557139  ,0.08760272673595215 ,0.01199753007087434  ,0.11797859417120007  ,0.06903863991697254  ,0.0683158465822058   ,0.0009190278430751349,0.07567234137903775   ,0.09054576729688439 ,0.02023002168268566  ,0.027289661291425883 ,0.0688715755620982   ,0.07097763191230043  ,0.05344288966521514  ,0.13020234394590458 ,0.0                  ,0.13182780397447666  ,0.012821043453893528 ,0.07540492823014273
0.068450753707096    ,0.013643603119538699 ,0.05410148676239986  ,0.01462731025067982  ,0.06282919385062802  ,0.13456765065917545  ,0.011529948246323338,0.014991341556336505,0.018067468159635593,0.1407927861414201   ,0.030719878837163428 ,0.024751987228456694,0.023703889956419748,0.050061135418267476 ,0.13606321872875193  ,0.024708045722937663 ,0.0                  ,0.05213404689063904  ,0.07450684368740054  ,0.013040291621865282 ,0.04455850460810201  ,0.024154074129251364 ,0.06263381125882045  ,0.0028196056614593684,0.04239830573161971 ,0.06704633013046027 ,0.02028352997158153 ,0.04239830573161971 ,0.048790452745497856 ,0.07264773002559885  ,0.021172720369682443 ,0.024154074129251364 ,0.04239830573161971 ,0.13076164190281953 ,0.05480742727903744  ,0.044591060532786324 ,0.02419787042272904  ,0.058230566068362445 ,0.034832563630152275 ,0.06792994523397779  ,0.013746776646780732 ,0.012167296650106475 ,0.018486206706980084 ,0.06374289750747147  ,0.012632787593621792 ,0.06205001286490767  ,0.057554234091980426 ,0.13212793829944092   ,0.06958206063796771 ,0.06378301891696696  ,0.056767522362196975 ,0.027767158674374976 ,0.05367037379074996  ,0.0488068116352044   ,0.031639248596638976  ,0.054378198183469874 ,0.01356201221112251  ,0.14217161317185634  ,0.1339771847322748   ,0.12913906710277295  ,0.0048508231549803165,0.015160506896140938 ,0.02941561329273657  ,0.03803630628613886 ,0.015178679197126347 ,0.06792994523397779  ,0.014914042445098113 ,0.019391068101545082,0.06797297226869584  ,0.034643420066467936 ,0.014076237387810974 ,0.0009384759498542448,0.13192837441073987   ,0.013643603119538699 ,0.14243461904282875  ,0.03154083826523111   ,0.05710956024967647  ,0.018825615889708117 ,0.07673625436595899 ,0.029662321838220596 ,0.13342489488558293  ,0.06674677891278151  ,0.050628171980326375 ,0.0783296440776892  ,0.013282141731762908 ,0.14091929856950933  ,0.045264779153879026 ,0.04384498624937853  ,0.024002413636609717 ,0.07254404462959742   ,0.08346012665118771 ,0.00944352435453134  ,0.015756508077700297 ,0.0655642620173245   ,0.06686890960330931  ,0.02895851641562029  ,0.12941725053001749 ,0.024708045722937663 ,0.13177131442195625  ,0.012632787593621792 ,0.07237887843114849
0.09206369309568113  ,0.06334583582131344  ,0.0029056061076154784,0.06029291374041888  ,0.0938567239444929   ,0.16003559372174472  ,0.06295746576753583 ,0.04805841368725553 ,0.06866381377115985 ,0.19287035429583893  ,0.02516099330295705  ,0.07475084584057186 ,0.0353894949862218  ,0.012391907445412135 ,0.1645546529159289   ,0.07599164273867941  ,0.05213404689063904  ,0.0                  ,0.10583765419867017  ,0.0591881537190489   ,0.01516666287921326  ,0.0310071003683476   ,0.09180303013318793  ,0.054819946684635724 ,0.011576842577965625,0.06827204988789484 ,0.07239885088906864 ,0.011576842577965625,0.015854305797364094 ,0.10329852550697045  ,0.07294508970135442  ,0.0310071003683476   ,0.011576842577965625,0.1590078941738738  ,0.08537434064197275  ,0.007791411713012472 ,0.030898588914334064 ,0.08767509689281741  ,0.017600427843472235 ,0.09214353555172847  ,0.06003386737665106  ,0.0641180837560876   ,0.0701800517431663   ,0.08819291385125697  ,0.06317503619483242  ,0.09549891737058236  ,0.08098695690076112  ,0.15864283020309672   ,0.08912043025873884 ,0.09177310431549189  ,0.006538646763012678 ,0.07883252045751236  ,0.004912082050294303 ,0.013995931254076433 ,0.020799152180348092  ,0.0026184054774179163,0.055861749232544465 ,0.19426519920567986  ,0.1610357808650062   ,0.15787293619625212  ,0.05694732167673925  ,0.06304373756477889  ,0.024949012652636115 ,0.018873870356289135,0.058993617896575055 ,0.09214353555172847  ,0.06203633583958301  ,0.06808934214568382 ,0.09309247860272601  ,0.026157608965248148 ,0.056013842608417755 ,0.05150012449604432  ,0.15845390575884402   ,0.06334583582131344  ,0.1945153606717749   ,0.020889715610515797  ,0.08678155715210525  ,0.06268459289049859  ,0.1288017742659593  ,0.026516414985565184 ,0.15936400122187125  ,0.09743588372074101  ,0.011426197429913236 ,0.09736765376073721 ,0.06534418680233059  ,0.1930389515010976   ,0.006962847082593771 ,0.010822836343349384 ,0.07517196563418867  ,0.1031746842122068    ,0.10551954428451718 ,0.060255474570213484 ,0.060863650197369445 ,0.09741734500798896  ,0.09728443680874554  ,0.030166118766705646 ,0.1565407983085116  ,0.07599164273867941  ,0.1598933957602118   ,0.06317503619483242  ,0.10319005060032663
